all_theta =

 Columns 1 through 6:

  -3.20987   0.00000   0.00000   0.00008  -0.00076  -0.00083
  -3.25343   0.00000   0.00000  -0.00003   0.00040  -0.00092
  -4.92717   0.00000   0.00000  -0.00001  -0.00012   0.00336
  -2.36722   0.00000   0.00000  -0.00001  -0.00002   0.00138
   0.61609   0.00000   0.00000  -0.00000   0.00008  -0.00084
  -3.63890   0.00000   0.00000  -0.00000   0.00002  -0.00013
  -2.07458   0.00000   0.00000  -0.00003   0.00018   0.00075
  -8.14345   0.00000   0.00000  -0.00000   0.00005   0.00008
  -4.18246   0.00000   0.00000  -0.00000   0.00002   0.00021
  -6.14548   0.00000   0.00000  -0.00000  -0.00001   0.00013

 Columns 7 through 12:

   0.00131  -0.01636  -0.00080   0.00052   0.00047   0.00007
  -0.01640  -0.00912  -0.01319  -0.00159  -0.00860  -0.00324
   0.01370  -0.01974  -0.00620  -0.00092  -0.00947  -0.00290
  -0.00093   0.00105   0.05337   0.04074   0.06962   0.02117
  -0.00751  -0.00318  -0.01532  -0.00921  -0.00139   0.00011
  -0.00025  -0.00144  -0.00106  -0.00020  -0.00042  -0.00014
   0.00458   0.04339   0.00232  -0.00214  -0.00574  -0.00208
  -0.00018  -0.00698  -0.00600   0.00051   0.00007   0.00001
  -0.00420  -0.00334  -0.00102  -0.01100  -0.00663  -0.00043
   0.00091   0.00004  -0.00051  -0.00088  -0.00168  -0.00034

 Columns 13 through 18:

   0.00037   0.00163   0.00143   0.00402   0.00528   0.00045
   0.00402   0.00546   0.00239  -0.00498  -0.00244   0.00387
  -0.00348  -0.01293   0.01698   0.02811  -0.00226  -0.00070
  -0.00320   0.00470   0.02875   0.01089  -0.00041   0.00021
   0.00178   0.00843  -0.03883  -0.06135   0.00004   0.00094
   0.00008   0.00009   0.00036   0.00053   0.00012   0.00002
   0.00014   0.00041  -0.00444  -0.00164   0.00032   0.00003
   0.00004   0.00014   0.00061   0.00169   0.00128   0.00017
   0.00066   0.00080   0.00161   0.00180   0.00065   0.00068
   0.00035   0.00059   0.00641   0.00565   0.00000   0.00002

 Columns 19 through 24:

  -0.00008  -0.00000   0.00000  -0.00000   0.00001  -0.00104
  -0.00012  -0.00002   0.00000  -0.00000  -0.00001   0.00062
  -0.00001   0.00001   0.00000  -0.00000   0.00000   0.00042
   0.00003  -0.00000   0.00000  -0.00000   0.00009  -0.00009
   0.00000  -0.00001   0.00000  -0.00000  -0.00001  -0.00065
   0.00000  -0.00000   0.00000   0.00000  -0.00001  -0.00001
   0.00000  -0.00000   0.00000  -0.00000   0.00000   0.00027
   0.00001  -0.00000   0.00000  -0.00000  -0.00001   0.00007
   0.00009  -0.00001   0.00000  -0.00000  -0.00000  -0.00000
   0.00000  -0.00000   0.00000  -0.00000  -0.00001  -0.00001

 Columns 25 through 30:

   0.00862   0.00989   0.00190  -0.02197   0.00003   0.00025
  -0.00415   0.01338   0.15338  -0.08647  -0.17897  -0.03110
  -0.00347  -0.01213  -0.04806  -0.11556  -0.08302  -0.06453
  -0.00764  -0.04042  -0.00557  -0.11327  -0.69944  -0.25712
   0.00686   0.02017   0.02496  -0.00175  -0.07393  -0.04633
  -0.00026   0.00843   0.01108   0.00111   0.00377   0.01199
  -0.00174  -0.01045  -0.10109   0.09909   0.20407   0.11665
  -0.00002   0.00035   0.00939  -0.00093  -0.02684  -0.03555
   0.00075  -0.00168  -0.00180  -0.01051  -0.05806  -0.11057
   0.00146   0.00193  -0.00996   0.00188   0.00455   0.00091

 Columns 31 through 36:

  -0.00914  -0.00117  -0.00405  -0.01776  -0.01054  -0.03626
  -0.03374  -0.02952  -0.06490  -0.06261  -0.02646   0.03667
  -0.06075  -0.03483   0.04753   0.12648  -0.22861  -0.33671
  -0.02989   0.07376   0.04928   0.02190  -0.26926  -0.11147
  -0.02398   0.00448  -0.01470  -0.09353   0.42317   0.67670
   0.00897   0.01123   0.00257   0.01410   0.00691   0.00083
   0.06190   0.00606  -0.02793  -0.04521   0.04468   0.03393
  -0.01931   0.00433   0.00203  -0.00155  -0.00079  -0.00400
  -0.04789  -0.00575  -0.00855  -0.00817  -0.00909  -0.01257
   0.01370   0.01315   0.01423   0.00938  -0.04961  -0.06088

 Columns 37 through 42:

  -0.04956   0.00564   0.00894   0.00031   0.00016   0.00000
   0.02507  -0.04715   0.00621   0.00114   0.00009   0.00000
   0.01542  -0.01285  -0.03215  -0.00470   0.00060   0.00000
   0.01054   0.00024   0.00119   0.00057   0.00020  -0.00001
  -0.00252  -0.01149  -0.00392   0.00022   0.00002   0.00000
   0.00146   0.00062   0.00013   0.00003   0.00001  -0.00001
   0.00807   0.01325   0.00807  -0.00085   0.00039   0.00000
   0.00756   0.01551   0.00925   0.00057   0.00035   0.00000
  -0.00434  -0.00549   0.00121  -0.00064  -0.00094   0.00000
  -0.00888   0.00713   0.00598  -0.00024   0.00001   0.00000

 Columns 43 through 48:

  -0.00026   0.00030   0.02473   0.06034   0.08918   0.08810
   0.00029   0.00340  -0.01962  -0.34338  -0.26938  -0.38887
  -0.00013  -0.00679   0.06169   0.38075   0.80890   0.68446
  -0.00120   0.00972   0.08825   0.21888   0.00145  -0.20209
  -0.00002   0.00983  -0.07382  -0.33897  -0.68937  -0.85466
   0.00014  -0.00125   0.01177  -0.07821  -0.40247  -0.20400
  -0.00001  -0.00034   0.00294  -0.00829   0.28205   0.18992
  -0.00008   0.00025   0.00713   0.00664  -0.08064  -0.20153
   0.00002   0.00020  -0.00230  -0.03385  -0.09904  -0.14652
   0.00005   0.00002  -0.00627  -0.02396  -0.06184  -0.10666

 Columns 49 through 54:

  -0.05490  -0.08325  -0.02269  -0.03643  -0.00509  -0.05515
  -0.45161  -0.27515   0.06784   0.44497   0.64145  -0.05062
   0.31551  -0.09634  -0.07087  -0.13318  -0.20266   0.34303
  -1.69825  -1.64441  -0.41538   0.20886  -0.86527  -1.42187
  -0.26025  -0.11933   0.01196   0.00538  -0.07796  -0.20843
  -0.36778  -0.63824  -0.53239  -0.27786  -0.10783  -0.15646
   1.93457   2.88398   1.91432   0.92228   0.93736   0.36120
  -0.17935  -0.03772   0.02397  -0.03058   0.00298  -0.06296
  -0.53446  -0.78428  -0.28675  -0.09591  -0.11154  -0.05375
  -0.17786  -0.26421  -0.28819  -0.41394  -0.52547  -0.40942

 Columns 55 through 60:

  -0.15937  -0.26172  -0.20400  -0.04359   0.04751   0.00062
  -1.01646  -0.42193   0.13635  -0.35334  -0.07965   0.03663
   0.69172   0.35724   0.24711   0.38754   0.62884   0.03072
  -1.21033  -0.28187  -0.02135  -0.03408  -0.02713   0.00533
   0.82226   1.31819  -0.33736  -0.21031   0.00739   0.00214
  -0.12070  -0.08403  -0.00016  -0.00049  -0.00133  -0.00010
  -0.14708  -0.28100  -0.32831  -0.25184  -0.18133  -0.02486
  -0.26416  -0.50101  -0.40028  -0.18226  -0.10744  -0.00003
  -0.05363  -0.03567  -0.05248  -0.04059  -0.05769   0.01165
  -0.69861  -0.42114   0.07203  -0.05703  -0.07941   0.01032

 Columns 61 through 66:

  -0.00040   0.00000   0.00123   0.00463  -0.15475  -0.56408
  -0.00303   0.00016  -0.00003  -0.04689   0.07525   0.11534
  -0.00467   0.00000   0.00106  -0.02815   0.09531   0.57863
   0.00025   0.00010   0.00045  -0.06299   0.11467   0.91900
   0.00020   0.00001   0.00120   0.03441  -0.42878  -1.13835
  -0.00014  -0.00008  -0.00010   0.01924  -0.06527  -0.65803
  -0.00213   0.00000   0.00000   0.00786  -0.05680  -0.42003
  -0.00412   0.00000   0.00130  -0.00208  -0.12286  -0.23851
   0.01673   0.00000   0.00034   0.00120  -0.04520  -0.17713
   0.00213   0.00000   0.00072   0.00150  -0.08989  -0.20448

 Columns 67 through 72:

  -0.88801  -1.20744  -0.71175  -0.78077  -0.07179   0.31596
   0.25910   0.51423   0.56944   0.09979  -1.41171  -0.30533
   0.41927   0.36986  -0.12071  -0.67304  -0.53706  -0.53291
   0.21187   0.92179  -0.32541  -0.10540   0.84090   0.80791
  -1.48826  -0.91316  -0.29464  -0.15891  -0.54690  -0.67804
  -0.50944  -0.16557  -0.53237  -0.26806   0.82850   0.67785
   0.26286  -0.05253   1.38439   1.06474   1.05552   0.45459
  -0.73776  -0.82167   0.21913   0.91165   0.58056  -0.51161
  -0.42360  -0.56344  -0.64187  -0.30224  -0.04273  -0.03504
  -0.29415  -0.54053  -0.47951  -0.29503   0.06049   0.42438

 Columns 73 through 78:

  -0.10517  -0.00631  -0.50585  -0.67439  -1.00952  -1.35577
   1.12322   0.21117  -0.07456   0.54346  -0.19585  -0.30679
  -0.23036   0.86842   1.55675   1.46830   0.22039   0.71174
  -0.57335  -2.02880  -1.40258  -0.77953  -0.62901  -0.26968
  -0.19168   0.13546  -0.00010  -0.03265   0.24723  -0.01331
   0.30153  -0.43306  -0.33380  -0.25474  -0.40065  -0.09182
   0.74753   1.66481   0.18927  -1.10528  -0.74292  -0.50690
  -0.40426  -0.06708  -0.07303  -0.09560  -0.79658  -0.82228
   0.18133  -0.08754  -0.63033  -0.60460  -0.33011  -0.14656
  -0.11691  -0.10885  -0.42455  -0.18999   0.68303   0.27480

 Columns 79 through 84:

  -1.30165  -0.03157  -0.01660   0.00000   0.00631  -0.04822
  -0.72210  -0.34038   0.01778   0.00191  -0.00633  -0.11990
   1.31955   0.20920  -0.02898   0.00000  -0.00317  -0.02692
  -0.16339  -0.05660  -0.01848   0.00113   0.00606  -0.23257
   0.33444  -0.01586  -0.00486  -0.00001   0.00649   0.03833
   0.00701  -0.00203  -0.00083  -0.00315  -0.01739  -0.09443
  -0.01523   0.30580  -0.01626   0.00000   0.00091   0.03408
  -0.54388  -0.05641  -0.01533   0.00001   0.00295  -0.00376
  -0.04183   0.00892  -0.00048   0.00001   0.00045   0.00325
  -0.02499  -0.05974  -0.01865  -0.00001   0.00172  -0.00042

 Columns 85 through 90:

  -0.14388  -0.41009  -2.80980  -2.17113   0.00494   1.31104
   0.44684  -0.23234  -0.59546   0.12373  -0.36275  -1.98940
   0.30314   0.66467   0.03643   0.59332   0.65211  -1.08497
  -0.78940  -0.06869  -0.54674  -0.08890  -0.90124  -0.98191
  -1.09186  -2.11290  -1.09737  -0.07160   0.10307   0.54032
  -0.08406  -0.24504  -0.02661  -0.16656  -0.10696   0.92842
  -0.45056  -0.41460   1.65475   0.86751  -0.56899  -1.57938
  -0.31284  -0.87720  -1.16512  -0.13769   0.86097   0.44829
  -0.07147  -0.47242  -0.78116  -0.56630   0.36285   1.44564
  -0.19555  -0.42744  -0.25912  -0.40070  -0.27322   0.63094

 Columns 91 through 96:

   1.95089   0.01285  -0.47613   0.06870  -1.02115  -1.03819
  -2.43354  -0.27231   0.61148   1.05728   0.37448  -0.04260
  -1.12859  -0.98648  -0.99113  -0.23704  -0.12808   1.11400
  -0.23064   1.79760  -0.36339  -1.02123   1.89766   0.02872
   0.30565  -0.87927  -1.23623   1.18740   0.99223  -1.25320
   0.61655   0.96244   0.57433  -0.39346  -1.08356  -0.61437
  -0.60926   0.51246   0.41736   0.67894  -1.50453  -2.03906
  -0.00358  -1.12186  -0.83227  -0.19785  -0.58659   0.29793
   0.74934  -0.19721  -0.06829  -0.06794  -0.63447  -0.58588
   1.06355   1.59134   0.47727   0.61944   0.69924  -0.34565

 Columns 97 through 102:

   1.72863   0.18907  -1.20616  -0.22770  -0.03768  -0.00002
   0.28812   0.65197  -0.87518  -1.02657   0.01137  -0.01384
   0.04136   0.30051   1.14217   0.11642  -0.05647   0.00007
  -2.12139  -1.04815   0.42700  -0.86508  -0.18906  -0.00006
   0.31152   0.33531  -0.11306  -0.10912   0.00135  -0.00011
  -1.25814  -0.81484  -0.31798  -0.00998  -0.00204   0.02407
  -1.50606  -0.50325   0.70443   0.37193  -0.30471  -0.00010
   0.46240  -0.47998  -0.64094  -0.30709  -0.00412  -0.00012
  -0.60093  -0.57034  -0.05984   0.01343  -0.09969  -0.00007
   0.73756   1.04741   0.08791  -0.19054  -0.05587  -0.00020

 Columns 103 through 108:

  -0.01472  -0.11883   1.47266   0.10243  -0.77593  -1.41722
  -0.13561   0.05970   0.82913   0.35051   0.44355   0.46060
  -0.01095  -0.06084   0.53399   0.47249  -0.25724  -0.10463
  -0.00733  -0.09878  -0.78272  -0.34369  -0.48013   0.68626
   0.01274  -0.06615  -1.03981  -0.86897  -0.98320  -1.12418
   0.14196   0.29890  -0.01660  -0.81146  -1.89948  -0.93479
   0.00245  -0.01895  -0.34798   0.33834   0.95286   0.99384
  -0.00110   0.03962  -0.40040  -1.08360   0.07420   0.44921
   0.00075   0.00720  -0.21114  -0.86638  -0.63056  -0.31815
   0.00355  -0.03231  -0.32344  -0.64584  -0.38194  -1.07792

 Columns 109 through 114:

  -0.77905   2.19420   1.44432  -1.92445  -1.19698  -0.16389
  -0.20528  -2.79775  -2.09958   1.40739   0.89689  -0.12972
  -0.17089  -1.21259  -0.40821  -0.92043  -1.55343  -0.48652
  -0.19453   0.09624   0.73334   0.95180   0.22162   1.31745
  -0.04925   0.98103   1.19646  -0.86759  -2.70681   0.65458
  -0.22285  -0.82399  -0.02838   1.18911  -1.94843   0.57562
   0.35889   0.98225  -1.39956  -0.55947  -0.31840   0.52957
   0.74137  -0.03429  -0.40458  -0.34486  -0.97107   0.11000
   0.09571   0.74603   0.84799   0.08761  -0.55050  -0.20188
  -0.41994   0.36314   0.17344   0.93453   1.67578   0.47473

 Columns 115 through 120:

  -1.56011  -1.57200   3.67189   0.89474  -3.04370  -0.65460
   1.34193   0.04537   0.18979   1.36008  -0.08182  -1.29465
  -0.24562   0.44780  -0.64980   0.04583   1.91934   0.17063
  -1.60377  -1.22730  -1.66392  -0.08527  -0.78763  -1.89729
   1.34167   0.49774   0.40346   0.63197  -1.11053  -0.68063
  -0.58894  -1.78790   0.86009  -0.87013  -0.79325  -0.01650
  -2.25678  -1.72877  -0.71387  -0.08444   1.09295   0.94012
  -0.51009  -0.58475   0.87541  -0.50196  -0.38127  -0.54807
  -0.12604  -0.24724  -0.31711  -0.33652  -0.07760  -0.05555
   1.43490   0.21753  -0.50798  -1.31109  -0.62589  -0.31378

 Columns 121 through 126:

  -0.04329  -0.00015   0.01330  -0.75562  -0.33640  -0.55512
  -0.04241  -0.07597  -0.40715   0.32116   0.96897   0.04735
  -0.10738   0.00016  -0.00876  -0.12117  -0.28975  -0.10515
  -0.40876   0.00196  -0.02902  -0.38370  -0.35816   0.45786
  -0.01782   0.00227  -0.01400  -0.26724  -0.61703   1.04184
  -0.00725   0.14542   1.16837   0.95356  -0.27654  -0.26318
  -0.13878   0.00021  -0.00144  -0.07889  -0.01055   0.42438
  -0.03322  -0.00006  -0.00729   0.04187  -0.41615  -0.67257
  -0.08283  -0.00015   0.00054   0.00459  -0.32909  -0.96956
  -0.04185   0.00304  -0.02601  -0.33431  -0.81467  -0.93784

 Columns 127 through 132:

  -1.38492  -0.63762  -0.97671  -0.57453  -1.12340  -0.94619
  -0.21921   0.80852   0.31254  -2.55790  -1.60571   0.55090
  -0.19348  -0.58574  -0.74653  -0.82483  -0.40245   0.61182
  -0.01822  -1.33323  -0.85096   0.55628   1.26746   0.41804
   0.78671   0.71121   0.48715   0.04254   0.17492   0.26548
  -0.76961  -0.28734   0.72897   1.27546   0.67295   0.85575
  -0.54286   0.98196   0.19185   0.29707  -1.44312   0.58814
   0.04230   0.97246   0.52881   0.03313   0.03723  -0.40619
  -0.48189  -0.30490  -0.30216   0.46535   0.68921  -0.07882
  -0.26609  -1.12748   0.12049  -0.23379  -0.00224   0.09992

 Columns 133 through 138:

  -0.65215  -0.21898  -0.88950  -1.76873  -1.79413  -0.03910
   0.42688  -0.57134   0.80765   0.65317  -0.08792  -1.09560
  -0.82188  -0.62143  -0.27708   0.28803   0.16110   0.14725
   0.77831   1.98273  -0.96492  -0.78984  -0.91058   0.50475
   0.14204  -2.58918  -1.30590   1.32448   0.06442  -0.08560
   0.62676   1.96497   1.33133   0.17103   1.77455  -0.14989
  -0.29427  -0.03909  -1.97457   0.07234   1.18627  -0.94068
  -1.09112   0.79789   0.81051  -0.07766   0.04516  -0.72097
  -0.18223   0.33899  -0.03419  -0.91852  -0.38577  -0.21228
   0.83101   0.28984   0.03180   0.08839   0.00941   0.15705

 Columns 139 through 144:

  -1.71994  -1.07497  -0.02790  -0.00078   0.04571  -1.50013
  -0.76912  -1.15980  -0.08674  -0.05152  -0.34953   0.99462
   0.51457   0.16878  -0.12540   0.00024  -0.00772  -0.01138
   0.32200  -0.94003  -0.20768  -0.00423  -0.79069  -1.89794
   0.11369  -0.62569  -0.14092   0.00246  -0.03236  -0.50753
  -1.10898  -0.06330  -0.01098   0.12520   0.87382   0.21470
   0.12913   0.75108  -0.14878   0.00016   0.00365  -0.18048
   0.11168  -0.75574  -0.10670   0.00155  -0.02125  -0.00254
  -0.34260   0.27541   0.00465  -0.00080  -0.00779  -0.00751
  -0.99677  -0.68855  -0.02656   0.00420  -0.03451  -0.91007

 Columns 145 through 150:

  -2.58293  -0.86644  -1.06697   0.04519  -0.75939   0.70029
  -0.01575  -0.40221   0.41842   0.43380  -0.17418  -1.90767
  -0.12435   0.93432  -0.10541  -0.29766  -1.28128  -0.59476
  -0.05506  -0.07763  -0.22023   0.15040  -0.08169   0.05872
  -1.18311  -0.24701  -0.40605  -0.98596   1.20542   0.52545
  -0.21463  -0.22820  -0.64718  -1.36128  -0.07344  -0.16930
   0.01721   0.42304  -0.07018   0.64961  -0.38270  -0.51772
  -0.16159  -0.24885  -0.33867   0.57611   1.21188   0.10449
  -0.41085  -0.16367   0.33335  -0.39456   0.41484   1.06162
  -1.05290   0.13091   0.79796  -0.42288   0.05381   0.33549

 Columns 151 through 156:

  -2.18923  -2.21107  -1.17785  -2.22408   1.33379   2.14415
  -0.64982  -0.97844   0.71270  -0.03902   0.07423   0.48728
  -0.56315   0.07528  -0.30671  -2.07108  -1.11870  -0.72107
   1.68131  -0.55127   0.15603  -1.23113  -0.90543  -1.05442
   0.12195   0.42114   1.35317  -1.17921  -0.53395   1.10584
   0.27409   0.72951  -0.10252   0.35348   1.15825   0.50654
  -0.13655  -0.14341  -1.06687  -0.71140  -0.97493   0.20288
  -0.51079  -0.23280  -0.07658   1.38330   0.68173   0.19927
   0.42802  -0.03707   0.40279   0.30753  -0.11613  -1.00667
   0.72920   1.11167  -0.05172   1.09409  -0.09560   2.04350

 Columns 157 through 162:

  -0.80888  -0.06243  -0.00160  -2.38674  -0.00157   0.01893
   0.95355  -0.83732  -0.94296  -1.07488  -0.14689  -0.03303
  -0.24713   0.50950  -0.12735   0.35043  -0.10448   0.00130
  -0.66588  -0.57090  -0.66480  -1.97152  -0.15106  -0.06961
  -0.17116  -0.13224   0.51588  -0.62741  -0.15823   0.00335
   0.82099  -0.27069  -1.71701  -0.06776  -0.01367   0.02013
  -0.41849  -1.34644  -0.30705   0.54913  -0.23278   0.00252
  -1.03360   0.49171  -0.14307  -1.21665  -0.14908   0.00154
  -0.39822  -0.86142  -0.42365   0.04645  -0.31060  -0.00230
   0.80369   1.84121  -0.21086  -1.37864  -0.20304   0.00270

 Columns 163 through 168:

  -0.23250  -1.16388  -0.56077  -1.80597  -1.33053   0.18507
   0.26355   0.99653  -0.37703   0.47908   0.56232  -0.52856
  -0.01227   0.12967  -0.07264   0.50342  -0.30835  -0.50715
  -0.94556  -1.56097  -0.36573  -0.64270  -0.84896  -0.64284
  -0.10806  -0.00504  -0.34903   0.38066   0.77020   1.23578
   0.06034  -0.67824  -1.78040  -0.15689  -0.28274  -0.63103
  -0.02238  -0.31866  -0.27316  -0.06649   0.43185   1.04997
  -0.01478  -0.08920   0.03574   0.04033  -0.60268   0.50924
  -0.03075  -0.07399   0.07370   0.62206   0.14058  -0.28848
  -0.03905  -1.34952  -0.38277  -0.09655  -0.25242  -0.69069

 Columns 169 through 174:

   0.11927  -0.39353  -2.12098  -0.49311   0.57041  -0.84199
   0.42184  -1.19862  -0.64502   0.42522   1.05609   0.71577
  -1.43818   0.23211   0.08317   0.27834   0.43191  -1.51598
  -0.21941   0.68935   1.92767   2.01198   1.32749  -0.63966
   0.58477   0.32393   1.11775  -0.03652  -0.16481  -0.76873
  -1.03380   0.05498   0.54406   0.46588   0.60477   1.87086
   0.59412  -0.39937  -1.73170  -1.09418  -1.09772   0.33078
   0.22727   0.43113   1.01613   1.25621   0.41683   0.11858
   0.11097   0.34083   0.14524  -0.20337   0.12322   0.04293
  -0.07155   0.37940  -0.48696   1.16831   1.05069   1.21822

 Columns 175 through 180:

  -1.85482   0.51655  -0.12748  -0.94325  -1.51658  -2.81238
   0.91654   0.64448   0.70915  -0.18254  -0.84786  -0.82746
  -0.48840  -0.55388  -0.20356   0.28499   0.11984   0.14633
  -0.53589  -0.73940  -1.79556  -0.30824  -0.46057  -2.26758
  -0.11979  -0.34749   0.91931   0.78692   0.40572  -0.51826
   1.27106   1.11854   0.77574  -1.01800  -1.72908  -0.06986
  -0.28026   0.30634   0.44671  -0.60292   0.45058   0.61421
   0.92192   0.16200  -1.07144   1.24798  -0.41647  -1.19178
  -0.08235  -0.95279  -0.55119  -0.66159  -0.40527   0.18974
   0.79713   1.70587   0.27962   1.41975   0.17695  -0.99922

 Columns 181 through 186:

  -0.42174   0.03909  -0.44407  -0.21514  -0.68966  -0.87289
  -0.09752  -0.04925   0.32171   0.45559   0.79942   0.09347
  -0.24700   0.00241  -0.04890   0.58341   0.45186   0.21597
  -0.15523  -0.09894  -0.95307  -2.79475  -1.35232  -0.81552
  -0.16214   0.01820  -0.27061   0.16977  -0.61329  -0.64586
  -0.01743   0.00635   0.36848   0.36954  -2.00605  -0.18898
  -0.39707   0.00672  -0.06641  -0.46466  -0.62646  -0.14719
  -0.25009   0.00353  -0.04138  -0.22756  -0.23756   1.13504
  -0.44679  -0.00043  -0.05114  -0.20535  -0.35289   0.57832
  -0.32435   0.00102  -0.13121  -0.80607   0.51452   0.27366

 Columns 187 through 192:

  -0.42133  -0.25710   0.17651   0.45702   0.50009   1.07382
  -0.76650   0.44302  -0.67983  -1.83081  -0.59206  -0.18374
   0.27875   0.58230  -0.80564   0.52092   0.43938   0.21681
  -1.69541  -0.63395  -0.69991   0.18823  -0.41621  -0.10852
   0.28995  -1.36980   0.83248   0.05607   1.01900  -0.26300
  -1.38680  -0.12361  -0.24526   1.09702  -0.40002  -0.09870
   0.74922  -0.34967   0.97536   0.43843  -2.51581  -0.87529
  -0.28032  -0.08476   0.91301   1.47940   0.11919   0.19948
   0.71157   0.24986  -0.37189  -0.33916   0.26148   0.37206
   0.72794   0.61641   0.23118  -0.71296  -1.14955   0.53997

 Columns 193 through 198:

   0.65847   0.90706   0.66992   0.15650  -1.39944  -0.21183
   0.21585   0.16386   0.87779   0.22032   0.20739  -0.08405
   0.32703  -1.26925  -0.60529   0.08799  -0.13274  -0.12249
  -0.02306   1.20900   2.11313  -1.09503  -0.70156  -0.31007
   0.00361  -1.92277   0.02876  -0.05373   0.28905  -0.47068
  -1.04383   0.01657   0.77617   1.04095   1.37811   0.05343
  -1.02447  -0.42837  -0.38239  -0.06332   0.42812  -0.39840
   1.02072   0.44666   0.06701  -0.64933   0.58913   1.24245
  -0.19283  -0.02162  -0.30431  -0.77502  -0.25240  -0.53115
  -2.13702  -2.52208  -1.76105   0.02934  -0.79479   1.54225

 Columns 199 through 204:

  -0.27604  -2.05929  -0.12082   0.02556  -0.24437   0.68985
  -0.41358  -0.77738  -0.07555   0.09318  -1.12994  -0.46953
   0.55620   0.28388  -0.43404   0.00207  -0.04151   0.09470
  -0.81876  -2.49812  -0.41918  -0.07594  -1.52958  -3.10331
  -0.19783   0.13085  -0.25441   0.03310  -0.51596  -0.74179
  -2.19345  -0.29501  -0.00833   0.01366   0.56093   0.86263
  -1.12257   0.08670  -0.07949   0.00053  -0.02183  -0.57001
   0.11685  -1.14820  -0.31965   0.00912  -0.09238  -0.52564
  -0.63220   0.33600  -0.40436   0.00212  -0.07606  -0.26681
  -0.16937  -0.54221  -0.28179  -0.00856  -0.15494   0.03491

 Columns 205 through 210:

  -1.35830  -2.28210   0.32203  -0.38699   0.57604   2.89512
   0.91990   0.32669  -0.35214   0.48450  -0.55635  -0.62547
  -0.23692  -0.41345   0.62020  -0.53146   0.23450   1.16564
  -0.20676  -0.70003  -1.54365  -1.38361  -2.70492  -0.90274
  -0.39151  -0.12090   0.09541  -0.47446   0.42296  -1.06669
  -1.11685  -0.22959  -0.09717  -0.72110  -1.17673  -0.27063
  -0.19913  -0.07235  -0.43533   0.99515   0.06436   0.54049
   0.13355   0.86525  -0.59017  -0.51990  -1.23884   0.14124
  -0.99398   0.54890   1.88590   0.77200   0.24174  -0.16853
   0.53512  -0.22654   0.58065   0.68523  -0.10287  -0.91238

 Columns 211 through 216:

   2.89079   1.99440   2.27841  -0.02073   1.26646  -0.02482
  -1.52247  -0.39327   0.51690   0.22386   0.44478   0.29499
   0.26655   0.05808  -0.23511  -1.64155  -0.99211   0.13927
  -0.51729  -0.71708   0.42123  -0.03105   0.65903   0.35592
  -0.31905  -0.86799   0.35148  -1.17055   0.84616  -1.09614
  -0.30980   2.26991   0.15825  -0.05052   0.63092   0.54015
  -1.63770  -0.66440  -1.14479   1.11539   0.25425  -0.79869
   0.76483  -0.12848   0.33412   0.23406  -1.21011  -0.94087
   0.41265   0.22757  -0.91238   0.05149  -0.27096  -0.86151
  -2.16238  -3.51830  -4.06180  -1.55724  -1.19278  -1.72188

 Columns 217 through 222:

   0.11434  -0.26668  -1.52919  -1.58521   0.04276   0.00756
  -1.09561  -0.22788  -0.24895  -0.96994  -0.05380   0.27528
   0.05064   0.11966   0.01720  -0.62030  -0.38632   0.00310
  -0.39724  -0.47184   0.05549  -1.07865  -0.98227  -0.26892
   0.34865   0.38090   0.68507  -0.29541  -0.27882   0.03578
   0.21558   0.07697  -2.60419  -0.49861  -0.02029  -0.01054
  -0.43653  -0.90957   1.46417  -0.21486  -0.45736  -0.00002
   0.20265  -0.39511   0.77927  -0.87527  -0.22561   0.01014
  -0.28046  -0.70312  -0.97025   0.59551   0.00326   0.00489
   0.33704   0.64356  -0.45328  -1.09925  -0.12026  -0.01724

 Columns 223 through 228:

  -0.15224   0.47970   2.06959   0.60192  -0.53116  -0.90448
  -0.83306  -0.88134   0.15918   0.42195  -0.13164  -0.86695
  -0.07069   0.34037   0.66945   0.37624  -0.23805   0.83904
  -1.02718  -2.01926   0.53343  -0.22391  -2.14081   0.94394
  -0.50608  -1.32176  -0.73222  -0.40552  -0.64521  -0.60991
  -0.10412   0.45033  -0.86054  -0.70771  -0.65241  -0.64814
  -0.01417  -0.37633  -1.64743   0.53238  -0.27661   0.58457
  -0.13633  -0.67281   0.01471   0.27827  -0.00768  -0.04386
  -0.09897  -0.40918  -1.40233   0.48342   1.77743  -0.19632
  -0.40825  -0.81512   0.19758   0.58890   0.36461  -0.31593

 Columns 229 through 234:

   1.81487   1.30770   0.46328  -0.93657   0.16634  -1.84359
  -0.05887   0.35122  -0.41693  -0.54656   0.28762   0.39218
   1.45550  -0.30913   0.78967   0.23864   0.05832   0.64877
  -0.25082   1.46389  -0.10915   0.71764   2.03054   0.94532
  -1.50244   0.51197  -1.58230  -0.12317  -1.75439   0.64709
  -2.06623  -0.59033  -0.45584  -0.57449  -0.12324  -1.33287
   1.39691   1.54213   0.27703  -0.05623  -0.98790   0.43743
  -0.55272  -0.14489   1.70074   0.75342   0.67669   0.23136
  -0.45159   0.26749   0.40969   0.85126   0.73242  -0.09426
  -0.58273  -0.87618  -2.27704  -2.22036  -0.32343  -0.67794

 Columns 235 through 240:

  -1.13714   0.61982   0.84212   0.78460  -2.63266  -1.75309
   0.02240   0.39725  -0.77008  -0.51068  -0.85482  -1.18534
   0.61032   0.21316   0.35434   0.16675  -0.31041  -0.98390
   0.65594   0.89508  -1.41770  -0.14137  -0.95446  -1.33713
  -0.46006  -0.94841   0.16491  -0.14166   0.09626  -0.43079
   0.77277   0.70662   1.30021   0.13363  -1.47464  -0.24727
  -1.02506  -0.11958  -0.42370   0.03791   0.18593  -0.42954
   0.24336  -0.57720  -0.41693  -0.21860   1.10422  -0.70544
  -0.18125  -0.58046  -0.49797  -0.87395  -0.15806   0.12689
  -0.31661  -0.89465   0.05855  -0.77209  -0.65855  -0.85250

 Columns 241 through 246:

  -0.05544   0.02096  -0.18006  -2.20236  -2.63140  -1.40780
  -0.10773   0.08113  -0.65946  -1.28595   0.50494   0.38666
  -0.26576   0.00372  -0.05455   0.89465  -0.26655  -0.26261
  -0.52418  -0.05701  -1.31987  -3.22572   0.37124  -0.32429
  -0.19116   0.03994  -0.45445  -1.71469   0.82940  -0.41635
  -0.01786  -0.04208   0.32722   0.48695  -1.42315  -0.22095
   0.06593   0.00273  -0.01767  -0.03605  -3.32353   0.01477
  -0.10351   0.01294  -0.15627  -1.02683   0.23786   0.90365
  -0.15975   0.01189  -0.12224  -0.57202  -1.66634   0.66213
   0.00512   0.04777  -0.70578  -0.51446  -0.00875  -0.20395

 Columns 247 through 252:

  -1.97590  -0.44948   0.01219   0.12896   0.12675   0.86615
  -1.13824   0.72483  -0.09302  -1.04814   0.17531   0.28262
   0.44989   0.02153   0.33452   0.63016   0.98368  -0.60591
  -1.02816  -0.68196  -0.28066  -0.06160   1.26684   0.01962
  -0.57150   0.46312  -2.29529  -0.10521  -0.81813   0.11848
  -0.31221  -2.19741  -1.53985   0.21602  -0.11853  -0.00508
   0.48483   0.52192   0.49087   1.83857  -0.50772   0.05837
  -0.75354   0.37734   0.08081  -0.79964  -1.15407   0.40795
   0.81385  -0.35919  -0.13894   0.78814   0.09208   0.54700
   1.23900   0.04013   1.05184   0.66402  -0.05463   0.19680

 Columns 253 through 258:

   1.07589  -0.92159  -0.76945  -1.15466  -1.15722   2.10942
  -0.96282   0.56110   0.52980  -0.38491   0.38937   0.77485
  -0.39561   0.17894  -0.10470  -0.33802   0.65892   0.19823
  -0.17464   0.60736  -1.34472  -0.00440   0.46884   1.55322
  -0.77245   0.82960  -0.03367   0.64424  -0.58421   0.02394
   0.38528  -0.13392   1.01429  -0.40044   0.59375  -1.15913
   1.05573  -0.83786   0.02464  -0.17469  -0.60966  -1.37931
  -0.78852  -0.08672  -0.61908  -0.35768   0.73051  -0.05669
   0.00895  -0.03253   0.20918  -0.80760  -0.71727  -0.70057
  -0.69599  -0.14725  -0.38504  -0.75050  -1.85818  -0.44837

 Columns 259 through 264:

   0.65435  -0.83906  -0.11074   0.01682  -0.22911  -0.87435
   0.21431  -0.51441  -0.06976   0.05950  -0.91229  -1.32302
  -0.57830  -0.80552  -0.11722   0.00205  -0.03584   0.67150
  -0.60879  -2.62697  -0.42732  -0.00136  -0.65093  -1.61937
  -0.19753  -0.41565  -0.22005   0.02230  -0.25308  -1.35614
  -1.05488  -0.15997  -0.00754  -0.06936   1.06810   1.11433
  -0.59769   0.71399   0.38368   0.00217  -0.01320  -0.03651
   0.50743  -0.52706  -0.05886   0.01446  -0.17091  -0.60318
   0.15889   1.00620  -0.08477   0.00912  -0.09642  -0.42031
  -0.29443  -0.34011  -0.02557   0.02904  -0.33518  -0.24571

 Columns 265 through 270:

   1.40167   0.65842   1.79270  -0.85045  -1.21342   1.18594
  -0.60959   0.64307  -0.60663   1.05553  -0.39601  -1.26694
  -0.06570  -0.30236   0.70892  -0.39656   0.23632   0.78073
  -1.20401  -1.00878   0.59721  -0.45527   0.07731  -0.34899
  -0.38348   0.09922  -0.53612   0.23498  -1.32561  -1.28356
  -0.82850   0.83387  -2.17928  -2.66945  -0.40674  -0.71221
  -2.31841  -1.23067  -0.02161   0.19707   0.47031   1.73699
   0.35618  -0.44058   0.05543  -0.12950   0.07297   0.92829
  -1.33302   0.27389  -0.08034  -0.54587   0.40270   0.22958
   0.22660  -0.25099   0.95330   0.99571   1.44533   0.85745

 Columns 271 through 276:

  -1.34389  -1.25728  -2.37735  -1.26057   1.22145   1.56785
  -0.45377  -0.74260   0.37354   0.00366  -0.25373   0.09946
  -0.55658  -0.37570   0.14757   1.49905   0.47106  -0.08848
   0.88849   0.98283   0.76039   0.25304  -0.25810  -1.20771
  -0.41298  -0.30799  -0.00638  -1.03675   0.68556  -0.73746
  -0.70524  -0.56720  -0.05138  -0.04503   0.23865   0.01552
  -1.31046  -0.05908   0.98826   0.40718  -0.32323  -1.16914
  -0.66767  -0.72646  -0.57694  -0.95718  -0.57129   0.20054
   0.50879  -0.25927  -0.64400   0.14707  -0.28270  -0.18999
  -0.90785  -0.77623  -0.27473   0.30197  -0.00913  -0.84804

 Columns 277 through 282:

  -0.80634   1.14945   0.33021  -0.70465  -0.03507   0.00242
   0.48484  -0.44026   0.83082  -0.09439  -0.08151   0.03486
   0.07297   0.15073   0.22593   0.12903   0.05420  -0.00054
   0.04057   0.80441  -1.23743  -1.32597  -0.10402   0.03061
   0.14618   0.10198  -0.53318  -0.81827  -0.29784   0.01796
   2.03476  -0.21404  -0.86604  -0.16069   0.00110   0.03599
  -1.33699  -1.49022  -0.95993   0.87761   0.45389   0.00064
   0.15321   0.25099   0.58254  -0.12549  -0.03174   0.00604
  -0.36739  -0.89977  -0.06821   0.94589   0.17610   0.00094
  -1.36314   0.20989  -0.37930  -0.29806   0.00576   0.00179

 Columns 283 through 288:

  -0.01634  -0.51236  -0.56911  -0.18883  -0.52243  -1.04430
  -0.46260  -0.09018  -0.80209  -0.09465  -0.25992   0.12453
  -0.00751   0.21266  -0.95437  -0.42674   0.37109   0.61488
  -0.42219  -0.52610   1.17781   0.68023  -0.67652  -0.54180
  -0.29547  -0.38766   0.01909   0.26345   0.98370  -0.02939
   0.67712   0.87173   1.22832  -0.91626  -2.80972  -0.14641
  -0.00035  -0.02491  -1.28552  -1.10389   0.27690  -0.00894
  -0.06021  -0.61989  -0.03880   0.00519  -0.11677   0.26898
  -0.03486  -0.20975  -0.98568  -0.30752   0.53602  -0.33895
  -0.07079  -0.42733  -0.12051   1.09656   0.34416  -1.24844

 Columns 289 through 294:

  -0.74054  -2.23813  -2.01197  -1.05260  -1.85252  -1.29419
   0.87532   0.41682   0.14961  -0.31716   0.58181  -0.57071
   0.37195  -0.20338  -0.49587   0.07902  -0.15451   0.09351
  -0.41933  -1.33710   1.04750  -0.23613  -0.04050   0.31978
  -1.99312  -2.43432   1.11438  -0.72330   0.37955   0.07116
   0.08763  -1.51671   0.44855   0.96821  -1.23264   1.26190
   0.47554   0.26673  -0.25902   0.44087   0.94108  -0.14754
   0.87624   1.06278  -0.04839  -1.17060   0.60660  -0.30311
  -0.14482   1.10539   0.73200   0.20406  -0.64991  -0.30398
   0.26383   1.03750  -0.34919  -0.25626   0.47864  -0.42080

 Columns 295 through 300:

   1.76744  -0.83409  -0.28199   2.03260  -1.11729  -0.62336
  -0.49163   0.88655   0.67720  -0.91911   0.79403  -0.34592
  -0.20012   0.25765   0.51504   0.32782  -0.31862   0.21009
   0.84196  -0.20668   0.45686   0.10181  -1.41246  -0.91783
   0.28072   0.52754   0.64634  -0.14724  -0.18526  -0.96573
  -0.39556   0.13606   0.26103  -0.59165  -0.52627  -0.11054
  -1.14262  -0.80896  -0.80370  -1.37280  -1.37781   0.34341
  -0.85083  -0.16911  -0.76002  -0.17409   0.40594  -0.09795
   0.26900   0.09745  -0.32995  -0.28633   0.44320   0.80964
   0.05825  -1.23197  -0.32435   0.05570  -1.02517  -0.37999

 Columns 301 through 306:

  -0.03679  -0.00015   0.01586  -0.14993  -1.13242  -1.06388
  -0.02740   0.00267  -0.11530  -0.28540  -1.07021  -0.47697
   0.16038  -0.00032   0.01263  -0.08978  -0.91622  -0.75465
  -0.11571   0.03424  -0.45622  -0.15161   0.96468   0.21523
  -0.20670   0.02538  -0.32129  -0.33203   0.66325   0.32563
  -0.00836   0.00534   0.30124  -1.23188  -0.04135  -0.83512
   0.34600  -0.00000   0.00170   0.01854  -0.79890  -0.43665
  -0.03393  -0.00013  -0.00100  -0.26763   0.12487   0.25844
   0.12633  -0.00138  -0.00348  -0.03287  -0.69299  -1.22181
  -0.01441   0.00255  -0.03082  -0.70585  -0.58818   0.78831

 Columns 307 through 312:

   0.90516  -0.37961  -1.41165  -1.16750  -0.87740  -1.22541
   0.73930  -0.34853   0.14519  -0.24806  -0.45371  -0.88983
  -0.84704   0.57937   0.43397  -0.73594  -0.96363  -0.21180
   1.27451  -0.44966   0.63259   0.40649   0.14083   0.37309
   0.37920   1.03519  -0.78982  -3.28074   0.48398  -0.01525
  -0.86680  -1.37235  -1.90506   0.58704   0.03312   1.58770
   0.27591   0.35350   0.01227   0.25064   1.10936   0.42397
  -0.45877  -0.16925   0.68237   0.17345   0.56169  -0.83926
   0.00490  -0.46619   0.03135   0.70096   0.43433   0.17502
  -0.58662  -0.06469   1.23013   0.79827  -0.40467   0.00213

 Columns 313 through 318:

  -1.58182  -1.48660  -1.32472  -0.62261   0.51319   0.11275
  -0.17806   0.73572   0.35112   0.23633   0.87817   0.37293
   0.31295   0.91255   0.53349   0.82417   0.72632  -0.29135
  -0.38857  -1.48743  -1.60333  -0.16046   0.95697   0.66088
  -0.31878   0.38573   0.06466  -0.56827   0.25123   0.47715
   0.11163  -0.95971  -1.01705   0.38188  -1.62881  -0.90015
   0.63013  -1.32630  -0.67238  -0.66715  -0.22915  -1.14261
  -0.60251  -0.11240   0.02062   0.55946   0.02756   0.46697
  -0.64479  -0.95466  -0.50992  -0.38646  -0.41360  -0.03643
  -0.47942   0.50142   0.85329  -0.50998   0.28281  -0.34206

 Columns 319 through 324:

  -1.30800  -0.01481  -0.00760  -0.00001  -0.01169   0.08103
   0.26783  -0.29068   0.00707  -0.00213   0.01580  -0.16261
  -0.03720   0.23061   0.01209   0.00002   0.00855  -0.09057
  -1.25004  -1.48642  -0.58588   0.00749  -0.10087   0.02658
  -0.51065  -1.01962  -0.65852   0.00489  -0.04886  -0.13598
  -0.19120  -0.08575  -0.08644  -0.00595   0.08384  -1.78427
  -0.63804   0.32072   1.03303  -0.00000   0.00128   0.01689
   0.08276  -0.16314  -0.02811   0.00345  -0.03314  -0.15686
   0.78440   0.79278   0.03972  -0.00025   0.00144   0.00186
  -0.65760  -0.39900  -0.17494   0.00052  -0.00424  -0.14993

 Columns 325 through 330:

   0.64599  -0.92988  -0.96595  -1.16271  -0.91859  -0.43816
  -0.99752  -1.00084  -0.55123  -0.47953  -0.41257  -1.25702
  -0.39287  -0.41402  -0.52422  -0.43090   0.06449  -0.33114
   0.32664   1.34373   0.27821  -1.28362   0.27820  -1.00808
   0.22811   0.26703   0.07313   0.30162  -0.75299  -4.59132
  -0.62884   0.53350  -0.80277  -1.10608  -1.38433   0.37883
  -0.39327  -0.43216  -0.31325   0.53281   1.01792  -0.23083
  -0.41065   0.09611   0.50147   1.33940   1.36085   0.62771
  -0.34844  -1.10624  -1.08449  -1.19613  -0.46017   0.03850
  -0.03559  -0.11267  -0.54983  -0.05520   1.00394   0.76032

 Columns 331 through 336:

  -0.30601  -0.18279  -0.31794  -0.84913   0.24336   0.73890
  -0.33162  -1.28124  -1.28920   1.32967   0.30293  -0.03056
  -0.77835   0.00530   0.72892   0.18817  -0.96948  -0.86752
  -1.31557   0.19249   1.07980   0.90987  -1.98663  -0.82319
  -3.60991  -1.00725  -0.62311  -0.13547   0.44769   1.26821
   0.01504   0.95675   1.00469   0.52871   0.30463  -0.03135
  -0.52801  -0.49149   0.32823  -1.37829  -1.37860  -1.64021
   0.37351  -0.15662  -0.46034  -0.54054   0.25038   0.42084
  -0.35402  -0.51616  -0.73381  -0.81585  -0.39923  -0.02580
   0.63909   1.42973   0.60692  -0.01837  -1.33548  -1.21056

 Columns 337 through 342:

   0.17354  -0.54243  -0.40064  -0.01353  -0.00598   0.00001
   0.95957   0.69510   0.06356  -0.14179   0.00676  -0.00069
  -0.37967  -0.27906   0.03131   0.09084  -0.01318   0.00001
   0.67646   0.56728  -0.18974   0.03225  -0.20305  -0.00093
   1.68135   0.74207  -0.11596  -0.13565  -0.15577  -0.00061
  -1.36980  -0.63524  -0.08276  -0.00061  -0.02161   0.00063
  -1.80202  -1.90309  -0.99679  -0.54295   0.16484   0.00002
   0.24534   0.12409  -0.16599  -0.09403   0.00533   0.00317
   0.10653   0.16044   0.57623   0.36369   0.04067   0.00005
  -0.91483  -0.56543  -0.12993  -0.21326  -0.10368  -0.00005

 Columns 343 through 348:

  -0.00569   0.03901   0.34446  -0.91556  -1.31140  -0.68965
   0.01309  -0.02083   0.01229  -0.54352  -1.40118  -1.32075
   0.00090   0.00016  -0.08291  -0.67334  -1.37689  -1.32886
   0.01529  -0.00391  -0.33522  -0.56572  -0.07674  -1.57913
   0.00017   0.18388   0.40449   0.83164   1.72907   3.79426
   0.02829  -1.34473  -1.25868   0.24500  -1.25733  -2.63110
   0.00047   0.00375  -0.07644  -0.58512  -1.09401  -0.43202
  -0.03540  -0.03272  -0.09966  -0.34982  -0.40695   0.12626
   0.00101   0.00313  -0.12412  -0.47951  -0.92880  -0.93594
  -0.00755   0.06288   0.34664  -0.76459  -0.93372  -0.06783

 Columns 349 through 354:

  -0.00456  -0.01932  -0.25821  -0.04239  -0.11535  -0.32101
   0.35033   0.63581   0.54599  -0.77400  -0.01422   1.00382
  -0.49098  -0.16391  -0.18512   0.00093   0.27075  -0.31221
  -0.71400  -0.63102  -0.79986  -1.94573  -1.15877   0.09570
   1.97572  -1.73266  -2.22098   0.17194   1.34573   1.28729
  -0.98424   0.95611   1.35104   0.73630  -0.71786  -1.40948
   0.17911  -0.73573  -1.18190  -0.21240  -0.22260  -0.46374
   0.04365   0.55114  -0.26114  -0.06242   0.23374  -0.01719
  -0.44797  -0.08142  -0.39236  -0.55648  -0.63404  -0.54506
   0.08513   0.02944   0.49224   0.83443   0.48327  -0.60134

 Columns 355 through 360:

   0.47907   2.27509   2.50907   0.58186  -0.20619  -0.01328
   0.26968   0.30416   0.35995   0.07945  -0.09037  -0.02202
  -0.67658  -0.54409  -0.43893  -0.05383  -0.05465  -0.01143
  -1.12690  -0.70577  -0.32856   0.22362   0.24437   0.21978
   0.81758   0.79124   0.66864   0.10441  -0.06225  -0.00119
  -0.53002  -0.89842  -0.84191  -0.33295   0.00763   0.00116
   0.66463  -0.05214  -0.21439  -0.15703  -0.06203  -0.04913
  -0.18294  -0.09438  -0.16049  -0.08399  -0.01638  -0.03122
  -0.14541   0.24294   0.19142   0.02787   0.04532   0.05088
  -0.98633  -1.04150  -0.77680  -0.37950   0.00275  -0.01563

 Columns 361 through 366:

   0.00034  -0.00000   0.00075   0.00249  -0.09294  -0.35161
   0.00183   0.00003  -0.00082  -0.00461   0.10258  -0.02071
   0.00097  -0.00000  -0.00003   0.00166  -0.00191  -0.11647
  -0.00531  -0.00000   0.00079  -0.00138  -0.06522  -0.27517
   0.02111  -0.00000  -0.00708   0.00642   0.69416   1.11771
   0.00278  -0.00000   0.00114   0.00044   0.10663   0.76444
  -0.04842  -0.00000   0.00000   0.00025   0.00711  -0.10933
   0.00629  -0.00013   0.00153  -0.00112   0.04709  -0.29699
  -0.00077  -0.00000  -0.00001   0.00069   0.00439  -0.11239
  -0.00065  -0.00000   0.00042   0.00335  -0.02650  -0.73269

 Columns 367 through 372:

  -0.13859  -0.16187   0.59974   0.45219  -0.12295   0.24060
  -0.46094  -0.51157  -0.03711   0.73219   0.50688   0.28447
  -0.39949  -0.31457  -0.09814  -0.01945   0.01033   0.00673
   0.74509   0.55289   0.14799  -0.70755  -0.86392  -0.56577
   0.82713   2.74366   3.41020   1.15442  -0.04752  -0.27506
  -0.26267  -0.75017  -0.20436  -1.01130  -0.31325   1.14315
  -0.53937  -0.57276  -0.19543  -0.03780  -0.03955   0.41675
  -0.73666  -0.76928  -0.42975  -0.10645   0.02408  -0.10018
  -0.48680  -0.38622  -0.12408  -0.10003  -0.04513   0.02511
  -0.78473  -0.33969  -0.12266  -0.06224  -0.13591  -0.12866

 Columns 373 through 378:

   0.02992  -0.10218  -0.00370   0.48826   1.59193   0.41654
   1.74400   1.24248   0.59912   0.24960   0.06392   0.03073
  -0.02935  -0.07001  -0.03181  -0.07301  -0.02642   0.00184
  -1.38682  -1.05826  -0.18223  -0.03260   0.03402   0.01213
  -0.23146  -0.06329  -0.00715  -0.46765  -0.29189  -0.04170
   0.00385  -0.47255  -0.24885  -0.22062  -0.06400  -0.01375
   0.03262  -0.08906  -0.00463   0.01254   0.01602   0.02054
  -0.25855  -0.24947  -0.19025  -0.24368  -0.06657   0.00287
  -0.07329  -0.10864  -0.02345  -0.00199  -0.02685  -0.01911
  -0.29120  -0.39908  -0.10494   0.02391   0.03428   0.01533

 Columns 379 through 384:

  -0.04244   0.00077   0.00007   0.00000  -0.00004   0.00107
   0.00856   0.00124  -0.00012   0.00000   0.00002   0.00074
   0.00249   0.00007   0.00002   0.00000  -0.00000   0.00002
  -0.00914  -0.01042   0.00175   0.00000  -0.00008   0.00208
   0.00819   0.00116  -0.00007   0.00000   0.00060  -0.00812
   0.00348   0.00008  -0.00000   0.00000  -0.00015  -0.00297
   0.01223   0.00839   0.00212   0.00000  -0.00000   0.00000
   0.00205   0.00200  -0.00042   0.00000  -0.00002  -0.00121
  -0.00568  -0.00440  -0.00058   0.00000  -0.00000   0.00002
   0.00093   0.00291   0.00105   0.00000  -0.00002  -0.00016

 Columns 385 through 390:

  -0.00572   0.00762  -0.00565   0.00569  -0.05751  -0.05089
  -0.00827  -0.02666   0.00662   0.02213  -0.01313   0.02450
  -0.00005   0.00538   0.02913   0.01822   0.00619   0.00177
   0.00293  -0.24355  -0.21603  -0.23187  -0.02756  -0.08796
   0.00508   0.05514  -0.20815   0.06376   0.21536   0.14062
  -0.00045   0.83898   0.53031  -0.17418   0.02159  -0.03248
   0.00161  -0.02167  -0.05343  -0.08112  -0.01006  -0.00720
   0.01448  -0.01410   0.04027   0.07095   0.00250   0.02273
   0.00171  -0.02655  -0.07168  -0.02418   0.00812   0.00110
   0.01352  -0.16413  -0.01998  -0.06119  -0.00186   0.00959

 Columns 391 through 396:

   0.00390   0.04275   0.00169   0.05754   0.30428  -0.01380
   0.08488   0.17566   0.38904   0.30846  -0.01581   0.03030
  -0.00109   0.00867   0.01517   0.00082  -0.00983  -0.00256
  -0.12820  -0.06680  -0.19328  -0.25746  -0.01332   0.00704
  -0.00924  -0.01678  -0.11297  -0.14144  -0.02824  -0.07880
  -0.15035  -0.18675  -0.21135  -0.11321  -0.02261  -0.02812
  -0.00198  -0.03957  -0.01119  -0.00374  -0.01397  -0.00254
   0.00892  -0.02113  -0.05567  -0.05460  -0.02932  -0.02692
   0.00162   0.00415  -0.02289  -0.04579  -0.01165   0.00055
   0.01233   0.00785   0.02234   0.03441   0.01161   0.00287

 Columns 397 through 401:

  -0.14511  -0.03622   0.00449   0.00000   0.00000
   0.00844   0.01533   0.00423  -0.00048   0.00000
  -0.00331   0.00049  -0.00003   0.00000   0.00000
  -0.00360  -0.00244   0.00020   0.00001   0.00000
  -0.01313   0.00464  -0.00037  -0.00000   0.00000
  -0.00686   0.00199  -0.00028   0.00001   0.00000
  -0.00264  -0.00325  -0.00069   0.00008   0.00000
  -0.01134   0.00064  -0.00011   0.00001   0.00000
   0.00146   0.00067  -0.00030   0.00002   0.00000
   0.00496   0.00090  -0.00026   0.00001   0.00000

